# Проверенные решателем куски уровня. Сгенерировано автоматически, руками не править.
K 150 256.69 1
B 244.74 -152.48
C 52 -60
C 84 -101
C 116 -130
C 148 -149
C 180 -194
C 148 -223
E
K 150 295.03 1
W 233.22 -144.53 233.22 -144.53 0 0
S 1 -236.15 -149.05
C 52 -60
C 84 -117
C 116 -158
C 148 -198
C 180 -228
C 212 -247
C 276 -251
C 308 -236
E
K 150 247.33 1
W 121.66 -126.99 121.66 -126.99 0 0
C 116 -52
C 148 -82
C 180 -100
C 212 -141
C 244 -170
C 276 -189
E
K 150 242.93 1
B 242.39 -122.89
C 52 -60
C 84 -101
C 116 -130
C 148 -149
C 212 -153
E
K 150 268.07 1
S 1 -191.30 -128.81
C 116 -60
C 148 -101
C 180 -130
C 212 -149
C 276 -153
C 308 -139
C 276 -185
C 244 -225
E
K 150 268.40 1
W 217.90 -175.50 217.90 -175.50 0 0
C 52 -60
C 84 -117
C 52 -158
C 84 -215
E
K 150 315.79 1
W 134.45 -217.19 134.45 -217.19 0 0
S 0 -272.71 -177.22
C 52 -60
C 84 -117
C 116 -156
C 84 -196
C 52 -237
E
K 150 320.18 1
S 1 -273.57 -173.24
S 0 -111.67 -44.59
C 52 -60
C 84 -117
C 116 -158
C 148 -198
C 180 -228
C 212 -247
C 276 -251
C 308 -236
C 276 -282
E
K 150 262.79 1
B 273.97 -140.81
C 52 -60
C 84 -101
C 116 -130
C 148 -149
C 212 -153
C 212 -179
C 180 -209
C 148 -227
C 84 -232
C 52 -217
E
K 150 294.56 1
S 1 -122.66 -58.14
B 228.15 -215.72
C 116 -60
C 148 -101
C 180 -130
C 212 -149
C 276 -153
C 308 -139
C 276 -185
C 308 -225
E
K 150 252.17 1
P 273.74 -207.70 300.01 -68.47 0
C 52 -60
C 84 -101
C 116 -130
C 148 -149
C 212 -153
C 244 -139
C 224 -177
C 192 -217
E
K 150 236.52 1
B 100.17 -76.60
C 52 -60
C 84 -138
C 52 -178
E
K 150 308.92 1
B 258.61 -86.86
W 184.06 -161.70 184.06 -161.70 0 0
C 52 -60
C 84 -117
C 52 -158
C 84 -215
C 52 -256
E
K 150 325.05 1
S 0 -204.63 -138.67
B 196.99 -140.23
C 52 -60
C 84 -101
C 116 -130
C 148 -149
C 122 -207
C 90 -237
C 58 -256
E
K 150 257.27 1
S 1 -198.54 -81.22
C 116 -60
C 148 -101
C 180 -130
C 212 -149
C 276 -153
C 308 -139
C 276 -185
C 244 -225
E
K 150 272.91 1
B 247.84 -171.28
C 52 -60
C 84 -101
C 116 -130
C 148 -149
C 212 -153
C 165 -175
C 133 -204
C 101 -223
C 52 -229
E
K 150 251.75 1
W 240.17 -171.61 240.17 -171.61 0 0
C 52 -60
C 84 -117
C 52 -158
C 84 -215
E
K 150 323.90 1
W 143.30 -219.92 143.30 -219.92 0 0
S 0 -190.48 -74.19
C 52 -60
C 84 -117
C 52 -158
C 84 -215
C 52 -256
E
K 150 299.69 1
S 0 -132.15 -49.23
P 75.82 -249.72 109.74 -79.41 0
E
K 150 247.00 1
S 1 -134.40 -41.03
C 116 -30
C 148 -70
C 180 -100
C 212 -119
C 276 -123
C 308 -108
C 276 -154
C 244 -195
E
K 150 241.40 1
B 268.67 -76.58
C 52 -60
C 84 -101
C 116 -130
C 148 -149
C 212 -153
C 244 -139
C 276 -113
C 296 -154
C 308 -192
E
K 150 304.08 1
B 82.12 -85.53
B 107.03 -234.37
C 52 -60
C 84 -126
C 52 -166
C 84 -207
C 52 -209
E
K 150 266.24 1
S 0 -199.35 -93.58
C 52 -60
C 84 -117
C 52 -158
C 84 -215
E
K 150 318.61 1
S 1 -216.76 -147.64
W 145.03 -73.72 145.03 -73.72 0 0
C 52 -60
C 84 -117
C 116 -156
C 148 -196
C 116 -237
C 84 -267
C 52 -285
E
K 150 324.21 1
B 287.21 -191.13
P 102.05 -264.29 135.66 -153.14 0
C 52 -60
C 84 -117
C 52 -158
C 52 -254
E
K 150 261.84 1
B 68.77 -156.68
C 52 -60
C 84 -117
C 116 -158
C 84 -198
C 52 -228
E
K 150 329.85 1
W 169.61 -160.04 169.61 -160.04 0 0
B 193.20 -244.32
C 52 -60
C 84 -117
C 52 -158
C 84 -198
C 116 -228
C 148 -247
E
K 150 252.47 1
W 193.05 -128.67 193.05 -128.67 0 0
C 52 -60
C 84 -117
C 52 -158
C 84 -215
E
K 150 238.11 1
W 146.24 -157.00 146.24 -157.00 0 0
C 52 -60
C 84 -117
C 52 -158
E
K 150 305.49 1
P 96.87 -188.24 118.96 -54.19 0
P 276.42 -214.96 299.75 -60.78 0
C 52 -60
C 52 -150
C 52 -241
E
K 150 238.69 1
S 1 -125.57 -62.50
C 116 -60
C 148 -101
C 180 -130
C 212 -149
C 276 -153
C 308 -139
C 276 -185
E
K 150 256.99 1
W 158.84 -178.15 158.84 -178.15 0 0
C 52 -60
C 84 -117
C 52 -158
C 84 -215
E
K 150 271.67 1
B 165.42 -177.32
C 52 -60
C 84 -101
C 116 -130
C 116 -189
C 84 -219
C 52 -238
E
K 150 269.31 1
P 147.06 -153.49 168.44 -55.02 0
C 52 -60
C 84 -101
C 116 -130
C 97 -191
C 65 -231
E
K 150 316.76 1
P 261.01 -262.57 286.39 -157.78 0
W 172.97 -240.66 172.97 -240.66 0 0
C 52 -60
C 84 -117
C 52 -158
C 84 -215
C 52 -256
E
K 150 274.93 1
S 0 -130.42 -40.28
C 52 -60
C 84 -117
C 52 -158
C 84 -215
E
K 150 307.38 1
S 1 -125.89 -40.23
W 156.02 -227.03 156.02 -227.03 0 0
C 116 -30
C 148 -70
C 180 -100
C 212 -119
C 276 -123
C 308 -108
C 276 -154
C 244 -195
C 276 -236
C 308 -265
E
K 150 293.03 1
B 231.03 -97.53
W 168.80 -231.45 168.80 -231.45 0 0
C 52 -60
C 84 -117
C 52 -158
C 84 -215
C 52 -256
E
K 150 250.57 1
B 132.59 -86.37
C 52 -60
C 84 -117
C 52 -158
C 84 -215
E
K 150 328.50 1
S 0 -237.32 -168.87
B 78.18 -133.96
C 52 -60
C 84 -197
C 52 -237
C 84 -294
E
K 150 255.73 1
S 1 -204.13 -97.27
C 116 -60
C 148 -101
C 180 -130
C 212 -149
C 276 -153
C 308 -139
C 276 -185
C 244 -225
E
K 150 270.09 1
B 212.59 -155.20
C 52 -60
C 84 -101
C 116 -130
C 148 -149
C 148 -197
C 116 -227
E
K 150 312.86 1
B 146.03 -175.92
S 1 -240.21 -157.13
C 52 -60
C 84 -101
C 116 -130
C 196 -202
C 228 -220
C 292 -225
C 276 -266
E
K 150 293.74 1
B 80.91 -195.98
B 276.42 -165.75
C 52 -60
C 84 -117
C 52 -158
C 52 -261
E
K 150 246.38 1
B 157.98 -174.11
C 52 -60
C 84 -101
C 116 -130
C 106 -182
C 74 -212
E
K 150 296.62 1
P 158.28 -214.13 185.70 -81.23 0
S 0 -137.31 -45.84
C 52 -60
C 84 -101
C 116 -130
C 109 -196
C 77 -237
E
K 150 270.55 1
B 93.74 -106.69
C 52 -60
C 52 -96
C 84 -146
C 52 -186
E
K 150 264.99 1
W 242.43 -195.45 242.43 -195.45 0 0
C 52 -60
C 84 -117
C 52 -158
C 84 -215
E
K 150 323.33 1
S 1 -238.82 -159.93
P 249.53 -210.46 280.32 -100.78 0
C 52 -60
C 84 -101
C 116 -130
C 148 -149
C 212 -153
C 200 -194
C 168 -235
C 136 -275
E
K 150 260.86 1
S 0 -205.36 -100.96
C 52 -60
C 84 -117
C 52 -158
C 84 -215
E
K 150 265.26 1
B 156.48 -152.05
C 52 -60
C 84 -101
C 116 -130
C 64 -170
E
K 150 317.73 1
B 194.92 -177.56
P 263.63 -266.21 284.13 -156.31 0
C 52 -60
C 84 -101
C 116 -130
C 148 -149
C 124 -189
C 92 -218
C 60 -237
E
K 150 237.03 1
B 90.34 -118.29
C 52 -60
C 52 -99
C 52 -190
E
K 150 303.93 1
W 291.12 -243.07 291.12 -243.07 0 0
B 175.73 -113.87
C 52 -60
C 84 -117
C 52 -158
C 84 -215
C 52 -256
E
K 150 291.45 1
P 67.28 -198.83 91.00 -92.08 0
P 248.84 -251.35 281.60 -74.37 0
C 116 -60
C 148 -101
C 180 -130
C 212 -149
C 199 -205
C 167 -245
E
K 150 253.98 1
W 188.07 -100.16 188.07 -100.16 0 0
C 52 -60
C 84 -117
C 52 -158
C 84 -215
E
K 150 326.30 1
W 296.79 -259.54 296.79 -259.54 0 0
B 79.49 -259.92
C 52 -60
C 84 -117
C 52 -158
C 84 -215
E
K 150 258.52 1
W 65.24 -189.88 65.24 -189.88 0 0
C 52 -60
C 84 -117
C 116 -158
C 148 -198
C 180 -228
E
K 150 274.16 1
W 124.88 -183.90 124.88 -183.90 0 0
C 52 -60
C 84 -117
C 52 -158
C 84 -215
E
K 150 319.29 1
B 181.86 -218.49
S 0 -246.69 -144.42
C 52 -60
C 84 -117
C 52 -158
C 84 -215
C 52 -256
E
K 500 368.35 1
S 0 -134.37 -43.31
W 62.23 -148.73 62.23 -148.73 0 0
B 167.26 -204.89
C 116 -60
C 148 -90
C 180 -130
C 212 -160
C 244 -178
C 308 -183
C 276 -231
C 244 -271
C 212 -312
E
K 500 325.90 1
S 1 -249.88 -139.29
P 117.22 -276.20 142.50 -56.64 0
C 196 -48
C 228 -77
C 260 -96
C 308 -103
C 276 -152
C 244 -193
C 212 -233
C 180 -263
E
K 500 363.83 1
B 279.75 -204.07
W 99.55 -112.05 199.40 -112.05 103.96 133.92
B 74.29 -251.04
C 52 -60
C 52 -158
C 84 -198
C 116 -228
C 148 -247
C 212 -251
C 244 -236
C 210 -289
C 178 -318
E
K 500 291.06 1
P 252.11 -222.24 273.93 -93.17 0
P 70.98 -135.95 95.34 -45.86 0
C 148 -58
C 145 -154
C 113 -194
C 81 -235
E
K 500 373.36 1
B 233.59 -130.19
P 98.63 -176.62 120.00 -61.99 0
B 198.59 -301.91
C 52 -60
C 52 -150
C 52 -241
C 84 -281
C 116 -311
C 148 -329
E
K 500 325.14 1
B 292.47 -197.24
S 1 -241.34 -179.38
C 52 -60
C 84 -117
C 116 -158
C 148 -198
C 180 -228
C 212 -247
C 276 -251
C 308 -236
C 276 -282
E
K 500 319.79 1
B 252.55 -153.35
W 111.61 -227.20 111.61 -227.20 0 0
C 52 -60
C 84 -101
C 116 -130
C 148 -149
C 212 -153
C 221 -192
C 253 -222
C 285 -240
E
K 500 318.80 1
B 177.97 -109.59
S 0 -152.31 -51.46
C 52 -60
C 84 -117
C 52 -158
C 84 -215
C 52 -256
E
K 500 373.20 1
S 0 -217.03 -106.06
B 120.76 -199.94
B 190.92 -95.67
C 52 -60
C 84 -117
C 52 -158
C 84 -198
C 52 -217
C 84 -266
C 52 -307
E
K 500 291.61 1
W 141.07 -174.40 141.07 -174.40 0 0
P 209.10 -116.55 230.99 -56.70 1
C 52 -60
C 84 -117
C 52 -158
C 84 -215
C 52 -256
E
K 500 357.68 1
S 0 -160.47 -72.40
S 1 -202.26 -86.05
W 233.87 -192.41 233.87 -192.41 0 0
C 116 -58
C 148 -86
C 180 -102
C 148 -143
C 116 -172
C 148 -213
C 180 -243
C 212 -261
C 276 -265
C 308 -251
C 276 -297
E
K 500 302.71 1
W 238.73 -152.02 238.73 -152.02 0 0
S 1 -248.93 -168.07
C 52 -60
C 84 -117
C 116 -158
C 148 -198
C 180 -228
C 212 -247
C 276 -251
C 308 -236
E
K 500 294.65 1
W 112.36 -179.44 283.52 -179.44 -118.36 287.72
W 197.55 -114.26 197.55 -114.26 0 0
C 52 -60
C 84 -117
C 52 -158
C 84 -215
C 52 -256
E
K 500 367.67 1
B 64.58 -112.89
B 137.56 -233.07
P 188.71 -149.62 208.95 -49.85 1
C 116 -60
C 96 -92
C 84 -198
C 52 -239
C 84 -294
C 52 -335
E
K 500 318.64 1
S 1 -272.18 -194.28
B 195.56 -76.10
C 52 -60
C 84 -117
C 116 -158
C 148 -198
C 180 -228
C 212 -247
C 276 -251
C 308 -236
C 276 -282
E
K 500 370.02 1
W 151.99 -294.43 151.99 -294.43 0 0
B 133.33 -177.54
P 201.87 -300.57 227.61 -206.30 0
C 52 -60
C 84 -101
C 116 -130
C 75 -201
C 84 -267
C 52 -308
E
K 500 307.64 1
B 254.76 -219.73
B 256.80 -85.68
C 52 -60
C 84 -101
C 116 -130
C 148 -149
C 212 -153
C 244 -139
C 304 -162
C 208 -273
E
K 500 312.98 1
W 294.79 -229.70 294.79 -229.70 0 0
P 188.60 -171.68 209.03 -101.88 1
C 52 -60
C 84 -117
C 52 -158
C 84 -215
C 52 -256
E
K 500 301.51 1
B 261.70 -91.30
B 165.49 -103.38
C 52 -60
C 84 -101
C 116 -130
C 148 -149
C 212 -153
C 244 -139
C 272 -197
C 277 -240
E
K 500 307.82 1
W 138.07 -136.57 138.07 -136.57 0 0
S 0 -193.59 -94.96
C 52 -60
C 84 -117
C 52 -158
C 84 -215
C 52 -256
E
K 500 292.17 1
W 113.28 -136.03 201.41 -136.03 -151.92 61.08
B 87.18 -227.84
C 116 -60
C 84 -101
C 52 -130
C 84 -184
C 52 -190
E
K 500 308.22 1
S 0 -254.47 -178.20
W 191.59 -112.59 191.59 -112.59 0 0
C 52 -60
C 84 -117
C 52 -158
C 84 -215
C 52 -256
E
K 500 324.05 1
P 258.17 -268.53 286.88 -154.86 0
P 140.47 -255.06 166.40 -167.14 1
C 52 -60
C 84 -117
C 52 -158
C 84 -215
C 52 -256
E
K 500 297.15 1
B 286.21 -131.24
B 73.43 -189.87
C 52 -60
C 84 -101
C 116 -130
C 148 -149
C 212 -153
C 244 -139
C 189 -178
C 157 -208
C 125 -227
C 61 -231
E
K 500 375.82 1
P 258.98 -271.11 281.98 -135.59 0
W 111.44 -156.34 111.44 -156.34 0 0
P 166.40 -273.26 188.25 -54.17 0
C 52 -60
C 84 -117
C 52 -158
C 84 -198
C 116 -228
C 117 -298
C 85 -339
E
K 500 318.45 1
B 254.72 -178.42
B 62.74 -210.26
C 52 -60
C 84 -117
C 116 -158
C 148 -198
C 180 -228
C 212 -247
C 276 -251
C 308 -236
C 276 -282
E
K 500 296.67 1
W 130.86 -117.29 289.12 -117.29 -149.03 18.00
S 1 -133.19 -54.64
C 116 -58
C 84 -169
C 52 -187
C 84 -237
E
K 500 310.01 1
B 169.73 -197.16
W 61.58 -131.86 61.58 -131.86 0 0
C 116 -60
C 148 -101
C 180 -130
C 212 -149
C 276 -153
C 308 -139
C 276 -185
C 244 -225
C 212 -266
E
K 500 308.15 1
W 138.61 -199.17 263.90 -199.17 121.22 13.68
S 0 -135.96 -42.48
C 52 -60
C 84 -117
C 52 -158
C 84 -215
C 52 -256
E
K 500 304.43 1
P 129.40 -238.79 157.55 -41.74 0
B 221.00 -114.85
C 52 -60
C 84 -101
C 80 -180
C 52 -221
C 84 -270
E
K 500 381.30 1
S 0 -238.01 -150.38
W 73.36 -199.74 171.15 -199.74 162.48 36.24
W 206.82 -275.06 206.82 -275.06 0 0
C 52 -60
C 84 -117
C 116 -158
C 52 -228
C 84 -281
C 52 -322
E
K 500 328.91 1
W 145.90 -216.28 145.90 -216.28 0 0
B 67.56 -147.00
C 52 -60
C 84 -215
C 52 -256
E
K 500 378.57 1
P 175.15 -262.33 197.06 -59.67 0
W 295.31 -136.41 295.31 -136.41 0 0
P 57.43 -310.01 88.86 -130.73 0
C 52 -60
C 116 -99
C 126 -200
C 126 -281
E
K 500 380.96 1
B 62.76 -207.53
B 204.23 -134.10
B 235.53 -266.03
C 52 -60
C 84 -101
C 116 -130
C 148 -149
C 143 -198
C 111 -238
C 79 -268
C 84 -336
E
K 500 309.01 1
W 137.35 -195.62 233.88 -195.62 122.01 56.89
B 66.70 -244.09
C 52 -60
C 84 -117
C 52 -158
E
K 500 346.12 1
B 129.17 -79.07
P 213.88 -150.37 234.56 -57.72 1
B 147.64 -186.18
C 52 -60
C 84 -117
C 52 -158
C 84 -215
C 52 -256
C 84 -311
E
K 500 308.73 1
W 59.26 -83.57 227.15 -83.57 73.63 234.51
W 116.95 -147.50 270.50 -147.50 97.50 213.95
C 52 -158
C 84 -215
C 52 -256
E
K 500 294.37 1
B 287.08 -107.77
W 52.35 -217.35 198.98 -217.35 -73.70 99.15
C 52 -60
C 84 -101
C 116 -130
C 148 -149
C 212 -153
C 244 -139
C 271 -188
C 303 -217
E
K 500 309.82 1
W 177.85 -79.97 177.85 -79.97 0 0
S 1 -244.97 -148.56
C 52 -60
C 84 -117
C 116 -158
C 148 -198
C 180 -228
C 212 -247
C 276 -251
C 308 -236
E
K 500 322.50 1
B 161.97 -244.75
W 183.47 -125.26 183.47 -125.26 0 0
C 52 -60
C 84 -117
C 52 -158
C 84 -198
C 116 -228
C 75 -280
E
K 500 297.84 1
W 116.28 -170.81 296.06 -170.81 -108.65 46.41
B 221.62 -75.95
C 52 -60
C 84 -117
C 52 -158
C 84 -215
C 52 -256
E
K 500 327.94 1
P 189.36 -229.04 210.47 -123.51 1
S 1 -262.02 -155.88
C 52 -60
C 84 -117
C 116 -156
C 148 -183
C 116 -224
C 148 -265
C 180 -294
E
K 500 298.85 1
S 1 -178.11 -58.14
B 133.74 -170.11
C 116 -60
C 148 -101
C 180 -130
C 212 -149
C 276 -153
C 308 -139
C 276 -185
C 244 -225
C 212 -266
E
K 500 356.63 1
P 259.32 -194.12 285.96 -89.66 0
S 1 -110.50 -48.72
B 71.27 -255.17
C 116 -52
C 148 -93
C 180 -122
C 212 -141
C 210 -198
C 178 -238
C 146 -279
C 114 -309
E
K 500 351.02 1
B 99.12 -174.54
S 0 -221.59 -160.87
B 249.50 -290.60
C 52 -60
C 84 -117
C 52 -158
C 84 -235
C 52 -276
E
K 500 366.56 1
S 0 -297.81 -222.13
B 210.07 -91.41
W 130.04 -299.27 225.00 -299.27 149.75 134.38
C 52 -60
C 84 -117
C 52 -158
C 84 -215
C 52 -256
C 84 -311
E
K 500 353.30 1
S 0 -158.95 -58.09
B 143.73 -176.55
W 167.10 -266.76 271.96 -266.76 -131.03 144.64
C 52 -60
C 84 -101
C 116 -130
C 102 -172
C 70 -202
C 84 -265
C 52 -305
E
K 500 295.70 1
W 294.23 -130.70 294.23 -130.70 0 0
B 98.86 -73.03
C 52 -60
C 84 -140
C 52 -180
C 84 -237
E
K 500 382.67 1
S 1 -315.09 -238.49
S 0 -152.74 -66.84
W 232.28 -316.68 232.28 -316.68 0 0
C 52 -60
C 84 -117
C 116 -158
C 148 -198
C 180 -228
C 212 -247
C 276 -251
C 308 -236
C 276 -282
C 308 -323
E
K 500 358.29 1
W 140.35 -174.50 140.35 -174.50 0 0
S 1 -159.12 -82.51
B 256.96 -161.66
C 116 -60
C 148 -101
C 180 -130
C 212 -149
C 235 -194
C 267 -223
C 299 -242
C 276 -295
E
K 500 329.69 1
B 76.23 -225.29
B 247.04 -202.48
C 52 -60
C 84 -117
C 52 -158
C 79 -186
C 84 -276
E
K 500 307.54 1
P 141.68 -167.99 162.29 -82.50 1
S 0 -189.85 -91.09
C 52 -60
C 84 -117
C 52 -158
C 84 -215
C 52 -256
E
K 500 294.85 1
B 236.64 -116.70
P 151.30 -134.61 170.14 -65.75 1
C 52 -60
C 84 -117
C 52 -158
C 84 -215
C 52 -256
E
K 500 310.46 1
P 133.95 -266.67 166.80 -53.29 0
B 78.53 -82.18
C 52 -156
C 84 -197
C 84 -280
E
K 500 297.47 1
B 160.09 -87.87
W 116.96 -179.13 116.96 -179.13 0 0
C 52 -60
C 84 -117
C 52 -158
C 84 -215
C 52 -256
E
K 500 316.08 1
P 162.36 -244.61 183.62 -156.45 1
W 131.54 -95.01 267.97 -95.01 119.31 10.17
C 52 -60
C 84 -117
C 52 -158
C 84 -215
C 52 -256
E
K 500 378.76 1
W 209.43 -235.80 209.43 -235.80 0 0
S 0 -216.83 -155.27
S 1 -200.37 -96.33
C 116 -58
C 148 -99
C 180 -128
C 212 -147
C 180 -187
C 148 -217
C 116 -236
C 52 -240
C 84 -289
C 52 -330
E
K 500 374.41 1
P 155.69 -329.86 187.07 -122.31 0
W 294.58 -207.36 294.58 -207.36 0 0
S 1 -314.57 -219.14
C 52 -60
C 84 -101
C 116 -130
C 106 -196
C 106 -294
E
K 500 321.72 1
W 111.64 -185.85 111.64 -185.85 0 0
B 204.29 -84.13
C 116 -60
C 148 -101
C 180 -130
C 212 -149
C 276 -153
C 308 -139
C 276 -185
C 244 -225
C 212 -266
E
K 500 305.28 1
S 1 -148.86 -52.28
W 158.10 -212.88 158.10 -212.88 0 0
C 116 -60
C 148 -101
C 180 -130
C 212 -149
C 276 -153
C 308 -139
C 276 -185
C 244 -225
C 212 -266
E
K 1100 358.45 1
B 282.83 -293.63
W 116.83 -218.44 116.83 -117.44 -147.06 99.68
S 0 -141.53 -50.23
C 52 -60
C 52 -158
C 52 -256
C 84 -296
C 116 -326
E
K 1100 366.07 1
P 127.28 -174.46 148.35 -91.07 1
W 100.06 -252.86 240.01 -252.86 -97.13 189.50
S 0 -207.25 -114.76
C 52 -60
C 84 -117
C 52 -158
C 84 -215
C 52 -256
C 84 -311
E
K 1100 377.61 1
W 298.49 -79.16 298.49 -79.16 0 0
B 233.05 -280.80
P 113.83 -247.06 133.92 -153.99 0
C 52 -60
C 84 -117
C 52 -158
C 84 -198
C 64 -264
C 96 -305
C 64 -345
E
K 1100 432.41 1
S 1 -135.80 -73.01
O 186.46 -205.92 52.48 4.36 1.95 2
B 172.95 -324.76
B 111.85 -81.73
C 139 -43
C 171 -83
C 203 -113
C 235 -131
C 299 -136
C 276 -182
C 276 -263
C 308 -292
C 276 -342
C 244 -382
E
K 1100 374.67 1
S 0 -167.79 -76.49
S 1 -142.31 -77.04
B 295.38 -284.05
C 116 -60
C 148 -90
C 180 -108
C 148 -149
C 116 -178
C 84 -197
C 84 -254
C 52 -295
E
K 1100 366.84 1
W 137.29 -251.10 137.29 -251.10 0 0
S 1 -194.27 -125.83
W 244.43 -127.26 244.43 -127.26 0 0
C 116 -58
C 84 -99
C 116 -139
C 148 -169
C 180 -187
C 244 -192
C 276 -177
C 308 -152
C 276 -196
C 244 -237
C 212 -277
C 180 -307
C 148 -325
C 84 -330
C 52 -315
E
K 1100 349.16 1
B 85.46 -77.36
P 242.08 -263.81 264.88 -66.89 0
S 1 -299.45 -230.26
C 52 -60
C 84 -128
C 116 -169
C 148 -209
C 180 -239
C 212 -257
C 192 -312
E
K 1100 468.87 1
W 184.14 -164.21 259.18 -164.21 -85.06 38.74
P 107.47 -246.77 131.86 -111.29 0
P 190.60 -358.01 219.88 -230.44 0
S 0 -358.80 -280.72
S 1 -197.14 -94.73
C 116 -60
C 180 -108
C 308 -205
C 276 -256
C 269 -361
C 237 -402
E
K 1100 376.80 1
B 212.57 -142.65
P 160.88 -333.09 182.79 -254.40 1
W 253.53 -248.24 253.53 -248.24 0 0
C 52 -60
C 84 -101
C 116 -130
C 148 -149
C 148 -183
C 116 -223
C 84 -253
C 52 -271
C 84 -323
E
K 1100 458.47 1
B 156.09 -202.59
P 162.50 -401.73 188.13 -320.99 1
S 0 -316.50 -219.60
W 160.10 -132.98 160.10 -132.98 0 0
W 218.56 -116.09 218.56 -116.09 0 0
C 52 -60
C 84 -117
C 52 -158
C 84 -215
C 52 -256
C 84 -311
C 52 -351
C 84 -409
E
K 1100 471.24 1
S 0 -255.08 -173.46
P 200.80 -282.20 232.23 -166.11 0
S 1 -381.29 -291.58
P 122.56 -211.52 148.26 -144.36 1
W 193.04 -390.77 193.04 -390.77 0 0
C 52 -60
C 84 -117
C 52 -158
C 84 -215
C 52 -256
C 52 -202
C 84 -251
C 116 -292
C 148 -322
C 180 -340
C 148 -381
C 116 -410
C 84 -429
E
K 1100 353.63 1
B 248.72 -171.47
P 129.31 -294.52 159.74 -195.52 0
B 93.06 -118.96
C 52 -60
C 138 -160
C 195 -201
C 227 -242
C 259 -271
C 291 -290
E
K 1100 358.02 1
P 154.16 -211.48 187.83 -92.90 0
S 0 -252.26 -152.58
P 82.62 -189.88 114.67 -48.01 0
C 148 -60
C 105 -249
C 73 -289
C 52 -317
E
K 1100 480.17 1
W 96.96 -173.27 281.08 -173.27 161.46 264.98
W 65.67 -240.66 65.67 -240.66 0 0
P 169.07 -388.25 189.46 -335.53 1
W 245.81 -368.03 245.81 -368.03 0 0
W 87.74 -81.87 217.67 -81.87 142.77 76.12
C 52 -130
C 116 -224
C 148 -254
C 116 -295
C 84 -324
C 52 -343
C 84 -392
C 52 -433
E
K 1100 358.87 1
S 1 -217.50 -153.07
B 169.29 -257.30
B 156.54 -125.62
C 52 -60
C 84 -117
C 116 -158
C 148 -198
C 111 -288
C 79 -306
E
K 1100 415.40 1
W 87.23 -224.16 245.89 -224.16 -92.67 47.12
W 109.10 -131.41 241.01 -131.41 -71.33 37.37
S 0 -308.48 -237.01
W 176.53 -70.92 176.53 -70.92 0 0
C 116 -60
C 84 -101
C 52 -130
C 84 -184
C 52 -224
C 84 -281
C 52 -322
C 84 -379
E
K 1100 425.85 1
W 87.30 -324.74 231.29 -324.74 -92.50 229.48
W 188.28 -204.48 188.28 -204.48 0 0
S 1 -154.17 -44.36
B 297.25 -305.12
C 116 -52
C 148 -93
C 180 -122
C 212 -141
C 276 -145
C 308 -130
C 276 -177
C 244 -217
C 276 -258
C 244 -373
E
K 1100 475.09 1
B 187.78 -243.94
P 70.00 -352.60 93.35 -202.31 0
B 197.05 -386.35
S 0 -152.88 -79.23
P 240.93 -161.33 271.21 -65.87 0
C 52 -60
C 84 -101
C 116 -130
C 148 -149
C 212 -153
C 191 -197
C 159 -274
C 127 -293
C 143 -347
C 111 -388
C 79 -429
E
K 1100 424.59 1
S 1 -323.52 -250.03
B 179.90 -95.82
W 118.92 -326.90 279.51 -326.90 -129.43 311.02
P 213.66 -275.12 238.89 -213.27 1
C 52 -60
C 84 -117
C 52 -158
C 84 -215
C 116 -256
C 148 -285
C 84 -355
C 52 -374
E
K 1100 404.45 1
P 125.17 -221.49 148.17 -110.19 0
P 229.15 -344.54 255.42 -125.54 0
S 0 -157.78 -46.26
S 1 -156.73 -64.26
C 116 -60
C 180 -78
C 180 -174
C 180 -255
C 148 -285
C 116 -303
C 52 -307
C 84 -357
E
K 1100 345.94 1
P 187.79 -301.18 209.16 -222.97 1
S 1 -134.03 -53.57
W 177.93 -173.32 177.93 -173.32 0 0
C 116 -60
C 148 -90
C 180 -108
C 244 -156
C 276 -186
C 308 -205
C 276 -256
C 308 -297
E
K 1100 360.80 1
B 91.45 -81.05
W 163.36 -80.12 163.36 -80.12 0 0
P 155.08 -314.77 176.05 -223.62 1
C 52 -60
C 84 -125
C 52 -165
C 84 -223
C 52 -263
C 84 -318
E
K 1100 383.96 1
W 176.00 -301.34 176.00 -131.55 -102.49 256.38
S 0 -314.01 -202.43
S 1 -183.47 -95.07
C 116 -58
C 148 -86
C 244 -148
C 212 -189
C 84 -241
C 52 -227
C 84 -277
C 52 -317
E
K 1100 381.54 1
W 113.36 -279.89 227.61 -279.89 92.25 60.37
S 0 -216.99 -147.89
B 181.91 -85.93
C 52 -60
C 84 -117
C 52 -158
C 84 -215
C 52 -256
C 84 -311
C 52 -351
E
K 1100 376.07 1
W 251.09 -291.29 251.09 -291.29 0 0
B 154.67 -230.43
S 1 -164.98 -56.17
C 116 -60
C 148 -101
C 180 -130
C 212 -149
C 276 -153
C 308 -139
C 276 -185
C 244 -225
C 212 -266
C 180 -296
C 148 -314
C 84 -318
C 52 -304
E
K 1100 364.80 1
W 201.80 -210.94 201.80 -210.94 0 0
W 154.64 -106.47 237.48 -106.47 80.06 73.97
B 294.40 -183.33
C 52 -60
C 84 -117
C 52 -158
C 84 -215
C 52 -256
C 84 -311
E
K 1100 352.55 1
W 110.83 -249.40 306.03 -249.40 -112.15 118.86
W 296.72 -150.15 296.72 -150.15 0 0
W 167.30 -183.57 167.30 -183.57 0 0
C 52 -60
C 84 -117
C 52 -158
C 84 -215
C 52 -256
C 84 -311
E
K 1100 431.32 1
W 98.71 -80.47 98.71 -80.47 0 0
W 252.61 -208.17 252.61 -123.96 -143.95 86.14
B 274.77 -355.36
W 148.54 -237.66 148.54 -143.06 158.14 31.07
C 116 -30
C 148 -70
C 180 -100
C 212 -119
C 308 -108
C 308 -195
C 276 -245
C 244 -285
C 212 -326
C 180 -355
C 148 -374
C 84 -378
C 52 -364
E
K 1100 350.01 1
B 221.08 -116.01
B 128.61 -75.26
B 66.77 -248.00
C 52 -60
C 84 -101
C 116 -130
C 148 -149
C 212 -153
C 223 -189
C 225 -239
C 193 -280
C 161 -309
E
K 1100 407.60 1
P 202.92 -261.18 221.22 -192.21 1
B 117.94 -116.17
W 243.49 -102.14 243.49 -102.14 0 0
W 82.08 -308.99 156.83 -308.99 -155.31 117.04
C 52 -60
C 84 -101
C 84 -150
C 52 -190
C 84 -248
C 52 -288
C 84 -343
E
K 1100 439.39 1
W 151.14 -245.02 265.71 -245.02 -119.52 83.33
P 139.79 -112.72 162.28 -48.79 1
P 62.30 -243.75 83.74 -140.67 0
W 94.32 -322.62 284.40 -322.62 -81.78 363.71
C 52 -60
C 116 -149
C 148 -179
C 116 -219
C 133 -285
C 69 -366
E
K 1100 433.73 1
W 121.45 -180.11 121.45 -180.11 0 0
P 186.21 -263.80 209.89 -141.90 0
W 294.71 -250.36 294.71 -250.36 0 0
S 1 -194.97 -89.09
C 116 -60
C 148 -90
C 180 -108
C 259 -174
C 259 -210
C 259 -291
C 291 -321
C 276 -384
E
K 1100 378.31 1
B 259.39 -244.72
S 1 -220.33 -110.10
B 136.01 -71.68
C 103 -52
C 167 -122
C 199 -140
C 263 -144
C 295 -130
C 276 -168
C 244 -209
C 212 -238
C 180 -279
C 148 -309
C 116 -327
C 52 -331
E
K 1100 494.81 1
W 119.11 -339.73 206.32 -339.73 111.38 119.15
S 1 -361.03 -294.17
P 94.20 -221.25 119.73 -59.01 0
P 187.76 -138.96 211.70 -53.98 1
P 264.47 -401.74 289.67 -281.00 0
C 52 -60
C 52 -137
C 52 -221
C 84 -260
C 116 -300
C 84 -400
C 52 -419
E
K 1100 464.15 1
P 211.71 -383.32 233.51 -209.57 0
B 141.78 -71.99
B 78.31 -166.84
B 120.40 -374.54
W 140.62 -261.84 140.62 -261.84 0 0
C 52 -60
C 84 -117
C 116 -156
C 152 -166
C 120 -207
C 88 -236
C 56 -255
C 84 -306
C 52 -347
C 84 -404
E
K 1100 367.85 1
P 203.74 -311.22 234.95 -153.74 0
S 1 -160.46 -68.93
P 120.35 -258.80 145.87 -151.11 1
C 116 -60
C 148 -90
C 180 -108
C 244 -112
C 276 -153
C 308 -183
C 276 -236
C 308 -277
C 276 -326
E
K 1100 375.43 1
W 107.95 -300.45 107.95 -300.45 0 0
B 117.27 -159.84
S 0 -147.80 -46.38
C 52 -60
C 84 -101
C 173 -190
C 205 -209
C 269 -213
C 301 -199
C 276 -241
C 244 -281
C 212 -322
E
K 1100 417.30 1
B 94.95 -300.97
B 242.08 -152.02
S 1 -174.04 -102.85
S 0 -239.47 -140.63
C 116 -60
C 148 -101
C 180 -130
C 180 -189
C 148 -219
C 116 -238
C 52 -242
C 62 -349
E
K 1100 411.63 1
B 90.93 -162.32
S 1 -281.75 -221.55
W 201.09 -126.34 290.92 -126.34 -136.28 1.01
B 180.46 -248.77
C 52 -60
C 84 -117
C 116 -217
C 116 -298
C 84 -327
C 52 -346
E
K 1100 457.96 1
P 93.40 -335.26 119.66 -169.40 0
P 225.71 -177.12 243.91 -122.20 1
B 282.57 -346.04
S 1 -201.74 -109.84
B 258.69 -266.52
C 116 -60
C 148 -90
C 180 -108
C 169 -215
C 169 -305
C 105 -386
C 73 -416
E
K 1100 378.40 1
B 229.40 -215.32
W 144.10 -203.90 144.10 -58.74 137.22 129.85
W 147.18 -297.48 147.18 -297.48 0 0
C 52 -60
C 84 -117
C 52 -158
C 84 -215
C 52 -256
C 84 -311
E
K 1100 430.85 1
S 0 -294.25 -180.97
B 203.52 -79.04
P 172.66 -387.99 198.07 -288.15 1
W 204.50 -168.72 204.50 -168.72 0 0
C 52 -60
C 84 -117
C 52 -158
C 84 -215
C 52 -256
C 84 -311
C 52 -351
E
K 1100 381.50 1
P 188.00 -330.45 208.66 -198.11 0
S 1 -252.32 -184.20
B 190.12 -80.30
C 52 -60
C 84 -117
C 116 -158
C 148 -198
C 138 -273
C 106 -314
E
K 1100 403.46 1
S 1 -175.88 -67.05
B 144.86 -106.51
W 176.16 -212.36 176.16 -212.36 0 0
S 0 -362.22 -254.25
C 116 -60
C 184 -135
C 216 -154
C 280 -158
C 276 -193
C 244 -234
C 212 -274
C 180 -304
C 148 -322
C 84 -327
C 52 -312
C 84 -358
E
K 1100 381.16 1
W 115.35 -207.06 115.35 -207.06 0 0
S 1 -165.03 -48.40
B 137.65 -75.38
C 180 -122
C 212 -141
C 276 -145
C 308 -130
C 276 -177
C 244 -217
C 212 -258
C 180 -287
C 148 -306
C 84 -310
C 52 -296
C 84 -342
E
K 1100 353.53 1
S 1 -192.79 -79.67
P 163.42 -311.14 184.45 -202.23 1
W 196.61 -99.90 196.61 -99.90 0 0
C 52 -30
C 84 -61
C 116 -102
C 148 -131
C 180 -150
C 244 -198
C 276 -228
C 308 -246
C 276 -298
E
K 1100 433.33 1
P 193.28 -224.01 214.57 -157.75 1
B 110.70 -80.25
B 277.82 -179.27
S 1 -212.20 -131.20
C 70 -74
C 52 -81
C 84 -104
C 116 -145
C 148 -174
C 116 -215
C 84 -244
C 52 -263
C 84 -313
C 52 -353
E
K 1100 368.60 1
W 213.01 -260.46 213.01 -260.46 0 0
S 1 -240.66 -179.50
W 233.07 -72.83 233.07 -72.83 0 0
C 52 -60
C 84 -117
C 116 -158
C 148 -187
C 180 -206
C 148 -247
C 116 -276
C 84 -295
E
K 1100 356.30 1
W 223.75 -88.86 223.75 -88.86 0 0
S 1 -199.65 -116.98
B 262.43 -247.67
C 116 -60
C 148 -101
C 180 -130
C 212 -149
C 276 -153
C 308 -139
C 276 -185
C 308 -225
C 276 -307
E
K 1100 404.17 1
S 0 -191.63 -109.59
B 119.75 -188.43
B 141.51 -313.65
W 219.79 -319.04 301.60 -319.04 163.16 136.80
C 52 -60
C 84 -117
C 52 -158
C 84 -198
C 52 -230
C 84 -271
C 52 -334
E
K 1100 423.00 1
P 201.43 -316.30 226.52 -216.79 1
S 1 -235.94 -116.91
W 224.70 -94.99 224.70 -94.99 0 0
W 146.28 -354.69 146.28 -354.69 0 0
C 116 -60
C 148 -101
C 180 -130
C 212 -149
C 276 -153
C 308 -139
C 276 -185
C 308 -225
C 276 -275
C 308 -316
C 276 -365
E
K 1100 434.07 1
P 75.53 -305.43 97.67 -211.85 0
O 213.34 -142.43 50.01 2.81 1.64 3
W 216.15 -327.41 216.15 -327.41 0 0
B 149.18 -360.29
C 52 -60
C 84 -117
C 52 -158
C 84 -374
E
K 1100 437.96 1
W 171.54 -359.37 171.54 -359.37 0 0
P 140.25 -183.34 160.89 -128.21 1
P 213.80 -167.34 245.62 -66.76 0
S 1 -379.58 -280.44
C 52 -60
C 84 -117
C 52 -158
C 84 -215
C 116 -256
C 148 -285
C 180 -304
C 244 -352
C 276 -381
C 308 -400
E
K 1100 478.60 1
P 183.04 -432.32 203.30 -339.34 1
B 115.28 -365.09
W 198.81 -188.43 302.46 -188.43 96.09 102.85
S 1 -348.99 -266.59
S 1 -115.92 -55.68
C 116 -60
C 148 -90
C 116 -130
C 84 -160
C 52 -178
C 84 -228
C 116 -267
C 148 -307
C 68 -394
E
K 1100 456.31 1
P 273.75 -389.94 298.23 -322.31 1
B 214.37 -299.86
S 0 -276.70 -197.07
B 110.13 -349.87
W 195.42 -142.43 195.42 -142.43 0 0
C 52 -60
C 84 -117
C 52 -158
C 84 -215
C 52 -256
C 84 -296
C 70 -345
C 84 -415
E
K 1100 383.86 1
S 0 -167.40 -90.20
P 78.06 -313.80 107.98 -103.25 0
B 179.53 -270.62
C 52 -60
E
K 1100 461.47 1
P 79.68 -280.13 107.26 -105.93 0
P 205.70 -205.03 229.67 -92.31 0
P 199.23 -409.38 221.04 -329.40 1
S 0 -189.97 -83.59
S 1 -403.99 -328.89
C 52 -60
C 52 -264
C 84 -317
C 116 -358
C 148 -388
C 116 -428
E
K 1100 420.82 1
B 113.51 -205.64
W 72.32 -94.85 196.75 -94.85 -132.13 5.79
B 182.84 -285.93
S 0 -230.35 -155.15
C 52 -60
C 52 -158
C 52 -239
C 84 -294
C 52 -335
E
K 1100 372.70 1
W 124.44 -133.82 255.72 -133.82 81.55 54.80
S 0 -300.84 -221.20
P 117.95 -305.00 137.70 -239.21 1
C 52 -60
C 84 -117
C 148 -196
C 180 -226
C 212 -245
C 212 -293
C 180 -322
C 148 -341
C 52 -331
E
K 1100 380.30 1
O 198.78 -254.24 55.97 2.50 -1.52 3
S 0 -299.53 -201.68
B 66.03 -217.30
C 52 -60
C 84 -117
C 52 -158
C 84 -258
C 52 -298
E
K 1800 462.87 1
B 135.88 -83.97
S 1 -408.50 -333.75
W 134.06 -301.33 134.06 -174.96 -107.46 8.63
W 236.48 -289.01 236.48 -289.01 0 0
S 0 -336.22 -247.85
C 52 -60
C 84 -117
C 52 -158
C 84 -215
C 52 -256
C 84 -311
C 116 -351
C 148 -392
C 180 -422
C 308 -430
E
K 1800 402.95 1
S 1 -146.71 -49.87
L -259.90 2.63 0.98 0.48
S 0 -162.92 -74.38
P 125.71 -208.99 157.28 -80.50 0
C 180 -26
C 212 -67
C 207 -163
C 271 -292
C 308 -300
C 276 -349
E
K 1800 404.75 1
L -282.85 3.36 0.87 0.82
W 118.84 -70.15 228.07 -70.15 -110.32 2.32
W 209.05 -137.25 209.05 -137.25 0 0
W 113.86 -150.15 113.86 -150.15 0 0
C 52 -60
C 84 -110
C 52 -150
C 84 -207
C 52 -248
C 52 -346
E
K 1800 422.04 1
P 104.65 -246.48 128.38 -41.18 0
B 276.54 -101.73
B 240.55 -289.81
W 253.95 -199.90 253.95 -199.90 0 0
C 52 -60
C 55 -156
C 55 -246
C 87 -287
C 55 -327
C 84 -383
E
K 1800 534.75 1
S 0 -451.75 -379.99
W 186.02 -203.61 186.02 -203.61 0 0
W 252.86 -253.11 252.86 -253.11 0 0
S 1 -494.10 -388.74
W 116.59 -314.53 223.91 -314.53 111.62 67.06
W 173.70 -119.33 296.77 -119.33 -136.67 211.95
C 52 -60
C 84 -117
C 52 -158
C 84 -215
C 52 -256
C 116 -351
C 148 -381
C 180 -400
C 212 -440
C 244 -470
C 276 -488
E
K 1800 416.02 1
W 195.94 -249.88 195.94 -95.27 103.96 298.66
B 131.63 -146.41
W 254.92 -345.13 254.92 -345.13 0 0
S 1 -208.99 -123.36
C 116 -60
C 148 -101
C 276 -153
C 308 -139
C 276 -185
C 244 -225
C 180 -296
C 148 -314
C 84 -318
C 52 -304
C 84 -350
E
K 1800 455.59 1
S 0 -292.77 -217.43
W 96.45 -338.24 294.22 -338.24 150.84 76.87
W 215.13 -270.07 215.13 -188.02 -130.00 105.98
W 113.66 -250.98 113.66 -156.55 132.01 178.91
L -73.47 3.48 1.14 2.41
C 84 -117
C 52 -158
C 52 -256
C 52 -351
C 84 -409
E
K 1800 435.40 1
B 101.54 -163.95
W 67.04 -280.13 67.04 -280.13 0 0
B 248.59 -160.48
W 230.22 -303.95 230.22 -303.95 0 0
C 52 -60
C 84 -101
C 116 -130
C 148 -149
C 212 -153
C 177 -147
C 209 -188
C 241 -217
C 273 -236
C 308 -244
C 276 -287
C 308 -328
C 276 -378
E
K 1800 523.08 1
B 297.48 -207.47
P 133.65 -457.24 156.78 -349.68 1
B 93.36 -278.10
W 232.53 -171.22 232.53 -171.22 0 0
W 211.11 -82.97 211.11 -82.97 0 0
B 203.20 -273.62
C 52 -60
C 84 -117
C 52 -158
C 84 -198
C 116 -228
C 148 -247
C 244 -324
C 276 -343
C 276 -400
C 244 -441
C 212 -481
E
K 1800 418.30 1
B 261.52 -152.09
B 73.36 -131.49
B 294.25 -241.82
O 162.20 -296.72 47.12 5.60 -1.66 2
C 52 -60
C 84 -197
C 52 -237
C 52 -335
E
K 1800 401.71 1
P 181.97 -341.16 201.11 -242.38 1
S 0 -172.00 -79.99
B 287.65 -295.11
B 252.44 -183.30
C 52 -60
C 84 -117
C 52 -158
C 84 -215
C 52 -256
C 84 -311
C 52 -351
E
K 1800 524.32 1
P 244.95 -367.11 265.64 -162.45 0
P 60.42 -483.71 87.23 -319.20 0
W 182.59 -468.30 182.59 -309.44 -106.43 107.00
B 197.79 -162.35
W 254.26 -459.22 254.26 -459.22 0 0
W 143.23 -83.85 237.67 -83.85 74.10 159.76
C 52 -60
C 84 -101
C 116 -130
C 148 -149
C 121 -196
C 89 -225
C 57 -244
C 148 -328
C 116 -368
C 137 -434
E
K 1800 487.14 1
P 273.10 -176.51 302.63 -43.90 0
B 154.52 -197.35
S 0 -418.74 -303.38
B 222.59 -73.77
W 60.12 -260.80 176.14 -260.80 -146.47 124.63
C 52 -60
C 84 -101
C 116 -130
C 148 -149
C 212 -153
C 244 -139
C 223 -177
C 255 -217
C 287 -247
C 255 -288
C 223 -317
C 191 -336
C 127 -340
C 95 -326
C 63 -300
C 84 -333
C 52 -373
C 84 -429
E
K 1800 463.79 1
W 199.12 -371.62 199.12 -152.87 70.30 401.33
S 1 -295.00 -211.08
S 0 -375.31 -302.28
W 97.03 -149.55 97.03 -149.55 0 0
S 0 -201.42 -99.40
C 116 -58
C 84 -99
C 52 -139
C 84 -195
C 116 -235
C 148 -265
C 116 -305
C 84 -335
C 52 -354
C 84 -403
E
K 1800 424.99 1
W 106.43 -281.16 271.33 -281.16 161.22 192.73
P 113.39 -168.92 135.82 -71.64 0
W 104.33 -348.22 104.33 -348.22 0 0
B 202.26 -148.40
C 52 -60
C 84 -101
C 64 -166
C 96 -207
C 64 -248
C 52 -246
C 52 -337
C 84 -394
E
K 1800 460.68 1
P 141.67 -189.51 167.68 -67.04 0
B 238.28 -252.07
L -321.78 3.73 0.99 0.12
W 210.00 -81.91 210.00 -81.91 0 0
W 91.83 -113.49 91.83 -113.49 0 0
C 188 -27
C 252 -36
C 284 -66
C 276 -132
C 244 -172
C 212 -213
C 180 -242
C 148 -261
C 84 -265
C 52 -251
C 84 -395
E
K 1800 467.70 1
W 144.12 -291.84 308.45 -291.84 -107.14 98.23
W 138.59 -129.96 298.02 -129.96 -126.24 237.12
W 116.19 -368.68 116.19 -368.68 0 0
B 68.42 -101.09
S 1 -320.07 -213.76
C 116 -60
C 148 -90
C 244 -178
C 308 -183
C 276 -231
C 308 -341
C 276 -391
C 244 -432
E
K 1800 533.05 1
B 125.26 -292.47
B 88.43 -435.21
B 235.85 -120.62
W 237.15 -362.99 237.15 -362.99 0 0
S 0 -344.98 -231.62
B 97.29 -163.93
C 52 -60
C 84 -101
C 116 -130
C 148 -149
C 212 -153
C 187 -231
C 110 -345
C 78 -363
C 65 -394
C 65 -475
E
K 1800 431.50 1
P 160.21 -374.56 180.85 -310.02 1
S 1 -360.40 -283.18
B 113.79 -250.90
W 129.80 -174.62 235.57 -174.62 90.99 118.25
C 52 -60
C 84 -117
C 84 -196
C 84 -169
C 116 -210
C 149 -224
C 181 -264
C 213 -294
C 245 -312
C 308 -316
C 276 -366
E
K 1800 422.62 1
B 234.60 -248.75
W 91.92 -90.58 291.45 -90.58 158.48 245.62
W 65.55 -343.87 65.55 -343.87 0 0
W 196.15 -175.16 300.87 -175.16 -166.57 91.86
C 52 -60
C 52 -158
C 84 -198
C 116 -228
C 148 -247
C 184 -259
C 216 -300
C 248 -329
C 280 -348
E
K 1800 409.80 1
P 75.98 -288.90 96.74 -143.98 0
L -329.00 2.96 1.18 2.43
W 209.50 -146.42 209.50 -146.42 0 0
S 0 -252.08 -181.41
C 52 -60
C 148 -156
C 180 -185
C 148 -226
E
K 1800 536.96 1
W 161.91 -477.94 161.91 -368.96 138.17 148.29
P 223.55 -231.76 243.96 -94.76 0
P 117.19 -258.30 139.23 -166.24 1
W 52.75 -121.36 127.68 -121.36 -78.33 45.15
S 0 -348.47 -260.38
B 236.88 -395.93
C 116 -60
C 180 -130
C 174 -196
C 174 -277
C 142 -307
C 110 -326
C 52 -331
C 84 -381
C 52 -421
C 84 -476
E
K 1800 404.75 1
W 109.60 -247.63 109.60 -247.63 0 0
S 0 -184.08 -64.51
B 177.97 -97.57
W 234.07 -339.20 234.07 -339.20 0 0
C 52 -60
C 84 -117
C 116 -158
C 148 -198
C 180 -228
C 212 -247
C 276 -251
C 308 -236
C 276 -282
C 308 -323
C 276 -373
E
K 1800 401.38 1
P 117.00 -298.02 141.52 -191.04 1
S 0 -361.17 -298.96
B 60.66 -319.98
B 295.92 -181.38
C 52 -60
C 84 -117
C 52 -158
C 84 -215
C 52 -256
E
K 1800 414.01 1
S 1 -294.78 -223.80
L -130.64 2.66 1.04 0.36
W 168.21 -263.51 168.21 -263.51 0 0
P 88.79 -280.99 110.22 -179.65 0
C 52 -60
C 148 -187
C 180 -206
C 212 -247
C 244 -276
C 276 -295
C 276 -352
E
K 1800 511.21 1
W 198.97 -362.65 198.97 -180.27 130.61 223.15
B 137.12 -429.20
W 296.09 -176.18 296.09 -176.18 0 0
B 114.39 -194.65
S 1 -424.11 -308.38
L -73.87 3.18 0.89 1.83
C 84 -117
C 52 -158
C 52 -239
C 84 -294
C 116 -335
C 148 -375
C 180 -405
C 212 -424
C 276 -428
C 308 -413
C 276 -459
E
K 1800 540.31 1
B 242.93 -369.34
P 163.64 -233.01 185.43 -154.61 1
B 180.08 -291.22
S 1 -151.93 -91.49
W 217.16 -432.44 217.16 -432.44 0 0
W 261.23 -128.92 261.23 -128.92 0 0
C 116 -58
C 148 -99
C 116 -139
C 84 -169
C 52 -187
C 84 -237
C 52 -278
C 84 -318
C 116 -348
C 148 -366
C 180 -411
C 148 -441
C 116 -459
C 52 -463
E
K 1800 487.76 1
W 146.37 -318.53 146.37 -318.53 0 0
L -422.16 3.74 0.80 3.60
S 0 -381.78 -310.60
L -183.45 3.35 0.94 0.96
L -121.46 3.12 0.92 0.83
C 52 -60
C 84 -215
C 52 -256
C 84 -311
C 52 -351
E
K 1800 538.09 1
B 210.66 -86.08
W 133.80 -155.31 230.98 -155.31 151.64 79.82
B 293.18 -242.12
W 209.46 -424.10 209.46 -424.10 0 0
B 86.59 -87.88
B 70.47 -354.29
C 52 -60
C 52 -161
C 84 -202
C 116 -231
C 148 -250
C 212 -254
C 244 -239
C 219 -259
C 187 -289
C 155 -307
C 91 -311
C 59 -297
C 74 -311
C 74 -392
C 52 -418
C 84 -467
C 52 -508
E
K 1800 437.60 1
B 89.03 -233.87
B 220.12 -357.42
S 0 -144.58 -61.83
S 1 -184.44 -103.06
C 116 -60
C 148 -90
C 180 -108
C 212 -149
C 244 -178
C 276 -197
C 276 -254
C 244 -295
C 276 -336
C 308 -365
E
K 1800 543.05 1
B 292.49 -437.01
L -267.24 3.08 0.80 1.37
W 114.41 -323.10 271.79 -323.10 -81.74 135.65
B 140.56 -121.98
B 169.98 -405.10
S 0 -218.35 -123.48
C 52 -60
C 84 -101
C 102 -129
C 70 -170
C 52 -377
C 84 -417
C 116 -447
C 148 -466
C 212 -470
C 244 -455
C 203 -495
E
K 1800 422.85 1
W 198.61 -357.70 281.78 -357.70 -95.34 102.26
B 252.19 -149.56
P 135.37 -265.37 157.57 -174.43 1
S 0 -152.71 -57.28
C 52 -60
C 84 -117
C 52 -158
C 84 -215
C 52 -256
C 84 -311
C 52 -351
E
K 1800 409.68 1
W 207.03 -115.41 207.03 -115.41 0 0
B 82.90 -84.10
B 256.66 -279.19
W 134.30 -318.21 134.30 -199.87 -151.59 132.87
C 52 -60
C 84 -126
C 52 -167
C 84 -224
C 52 -264
C 84 -321
C 52 -362
E
K 1800 511.73 1
W 85.64 -331.09 204.42 -331.09 -109.81 210.38
B 287.92 -340.47
P 222.32 -466.31 244.56 -388.49 1
B 157.63 -209.15
B 284.83 -255.13
S 1 -255.55 -164.99
C 52 -60
C 84 -117
C 116 -158
C 202 -248
C 234 -267
C 276 -417
C 308 -458
E
K 1800 459.38 1
O 174.99 -162.70 70.66 0.60 -2.11 2
S 0 -414.92 -340.08
S 0 -270.63 -156.35
B 84.34 -367.73
S 1 -216.45 -118.80
C 116 -58
C 84 -289
C 52 -330
E
K 1800 535.12 1
B 193.99 -362.52
L -283.31 3.75 1.09 0.52
L -85.50 2.71 1.17 2.32
B 215.20 -193.58
W 75.93 -434.65 75.93 -434.65 0 0
W 166.29 -439.74 254.80 -439.74 -108.98 58.15
C 84 -117
C 52 -158
C 84 -215
C 116 -326
C 148 -344
C 95 -327
C 84 -348
C 116 -389
C 116 -459
C 84 -488
E
K 1800 535.94 1
P 265.79 -252.11 292.53 -124.82 0
W 115.81 -189.52 219.50 -189.52 135.96 49.84
P 141.62 -461.96 169.09 -358.82 0
W 66.81 -439.63 66.81 -439.63 0 0
W 288.12 -431.51 288.12 -431.51 0 0
W 217.49 -307.01 217.49 -307.01 0 0
C 52 -60
C 84 -117
C 52 -158
C 84 -215
C 52 -256
C 84 -311
C 52 -351
C 84 -392
C 92 -479
E
K 1800 414.26 1
L -186.99 3.46 1.24 1.30
W 87.76 -327.59 196.94 -327.59 -110.17 203.00
B 291.41 -326.26
B 157.13 -92.59
C 52 -60
C 84 -117
C 52 -256
C 52 -351
E
K 1800 433.61 1
P 150.08 -130.79 175.68 -53.56 1
L -336.36 3.02 1.08 2.27
W 55.88 -260.54 130.87 -260.54 -105.09 122.26
W 235.32 -272.71 235.32 -272.71 0 0
C 52 -60
C 84 -117
C 116 -156
C 148 -183
C 180 -200
C 244 -200
C 276 -241
C 308 -281
C 244 -377
E
K 1800 409.37 1
L -129.37 2.74 1.12 2.64
W 62.18 -254.44 62.18 -254.44 0 0
W 124.37 -196.84 124.37 -196.84 0 0
B 256.58 -335.82
C 52 -60
C 84 -215
C 116 -256
C 84 -296
C 52 -326
C 84 -379
E
K 1800 549.46 1
W 74.26 -297.98 264.61 -297.98 -132.97 162.78
W 97.26 -466.94 284.01 -466.94 -161.15 80.94
B 152.28 -232.32
B 82.55 -363.95
S 0 -109.52 -44.20
S 1 -173.48 -56.81
C 116 -60
C 148 -90
C 180 -130
C 212 -160
C 244 -178
C 308 -183
C 276 -231
C 180 -341
C 148 -360
C 84 -408
C 52 -438
E
K 1800 523.19 1
W 254.39 -111.79 254.39 -111.79 0 0
P 129.61 -397.66 158.60 -199.48 0
S 1 -176.60 -60.15
P 207.76 -480.16 236.60 -291.35 0
S 0 -283.36 -165.50
B 285.44 -344.21
C 116 -60
C 148 -90
C 180 -108
C 148 -149
C 84 -197
C 84 -254
C 52 -295
C 84 -335
C 80 -415
C 52 -455
E
K 1800 549.16 1
B 221.89 -311.78
L -124.49 3.33 1.08 0.75
B 200.22 -463.61
B 268.99 -457.86
B 96.53 -336.83
W 121.42 -241.63 254.40 -241.63 164.17 142.64
C 52 -60
C 52 -158
C 84 -215
C 52 -256
C 84 -296
C 60 -321
C 84 -382
C 52 -422
C 84 -463
C 116 -492
C 148 -511
C 212 -515
C 244 -501
E
K 1800 424.80 1
L -354.56 3.02 1.03 2.62
O 182.59 -110.41 52.02 4.56 -1.58 2
S 1 -176.88 -92.63
L -296.86 2.84 1.05 1.14
C 244 -178
C 308 -183
C 276 -231
C 52 -394
E
K 1800 402.02 1
B 144.91 -284.68
W 152.78 -154.31 152.78 -154.31 0 0
P 230.92 -298.48 249.37 -238.52 1
S 0 -257.74 -196.95
C 52 -60
C 84 -117
C 52 -158
C 84 -215
C 52 -256
C 84 -311
C 52 -351
E
K 1800 518.29 1
S 1 -412.93 -319.21
W 293.62 -358.62 293.62 -358.62 0 0
B 174.92 -442.13
P 191.45 -275.97 215.04 -195.42 1
B 117.33 -309.87
B 293.79 -164.11
C 52 -60
C 84 -117
C 116 -158
C 84 -198
C 52 -228
C 84 -276
C 133 -344
C 165 -385
C 229 -433
C 293 -437
C 276 -481
E
K 1800 517.65 1
B 125.92 -185.19
W 97.61 -371.22 97.61 -256.03 118.52 115.58
B 271.98 -195.20
P 177.03 -256.76 200.66 -146.73 0
P 273.55 -348.74 299.41 -254.90 0
S 1 -142.85 -46.90
C 116 -60
C 148 -90
C 180 -108
C 148 -149
C 86 -206
C 54 -224
C 52 -317
C 52 -414
C 84 -471
E
K 1800 476.37 1
B 251.45 -145.33
S 1 -105.33 -41.27
L -204.86 3.31 0.84 3.09
W 118.53 -113.58 118.53 -113.58 0 0
L -386.18 3.70 1.13 1.24
C 116 -30
C 148 -59
C 180 -100
C 212 -130
C 158 -175
C 84 -280
C 52 -321
E
K 1800 472.04 1
B 228.61 -133.94
P 109.76 -277.75 139.24 -103.20 0
S 1 -362.34 -296.91
B 179.22 -407.39
W 294.29 -332.63 294.29 -243.63 120.04 110.81
C 52 -60
C 60 -161
C 60 -243
C 124 -325
C 156 -354
C 252 -377
C 276 -392
C 244 -432
E
K 1800 456.81 1
S 1 -203.61 -135.12
W 129.09 -370.43 302.90 -370.43 -83.58 232.59
B 211.86 -193.37
S 1 -407.68 -337.87
W 126.61 -260.92 126.61 -260.92 0 0
C 52 -60
C 84 -117
C 116 -158
C 148 -198
C 180 -228
C 212 -247
C 276 -251
C 308 -236
C 276 -282
C 308 -323
C 244 -413
E
K 1800 423.11 1
W 138.90 -328.91 138.90 -328.91 0 0
S 1 -349.51 -262.92
S 0 -177.24 -87.83
W 211.91 -239.77 211.91 -117.23 -95.78 99.08
C 52 -60
C 84 -117
C 52 -158
C 84 -215
C 116 -256
C 148 -285
C 180 -304
C 212 -344
C 244 -374
C 276 -392
E
K 1800 486.91 1
W 103.98 -322.11 248.20 -322.11 95.13 198.99
B 155.72 -131.88
L -423.95 3.05 0.99 2.33
P 265.45 -269.96 293.76 -53.90 0
S 1 -321.14 -241.08
C 52 -60
C 84 -101
C 116 -130
C 126 -191
C 158 -221
C 190 -239
C 216 -376
E
K 1800 526.91 1
W 130.03 -142.55 295.14 -142.55 -78.46 18.31
W 92.77 -257.70 263.64 -257.70 89.15 330.87
L -336.45 2.88 1.27 0.31
L -445.02 3.62 1.03 2.91
S 1 -209.51 -94.87
W 219.40 -86.03 219.40 -86.03 0 0
C 116 -60
C 148 -90
C 244 -178
C 308 -183
C 84 -396
C 84 -493
E
K 1800 436.12 1
B 175.15 -365.77
W 174.32 -240.16 174.32 -240.16 0 0
W 253.99 -320.56 253.99 -144.80 -129.78 185.79
S 0 -354.88 -287.13
C 52 -60
C 84 -117
C 52 -158
C 84 -215
C 52 -256
C 84 -296
C 116 -326
C 90 -367
C 58 -396
E
K 1800 438.48 1
S 0 -272.56 -157.05
S 1 -259.77 -161.14
B 111.58 -285.24
B 216.30 -100.38
C 52 -60
C 84 -117
C 116 -158
C 148 -187
C 180 -206
C 148 -247
C 84 -319
C 52 -338
C 84 -390
E
K 1800 436.75 1
W 196.50 -322.41 196.50 -120.57 101.71 89.30
B 77.22 -203.75
W 258.73 -359.55 258.73 -359.55 0 0
S 0 -357.51 -291.06
C 52 -60
C 84 -117
C 52 -158
C 52 -258
C 84 -314
C 52 -354
E
K 1800 521.77 1
B 135.70 -447.47
B 268.62 -456.16
L -187.65 3.03 1.07 1.70
W 109.87 -370.07 109.87 -273.31 -149.83 191.38
W 59.00 -97.77 150.46 -97.77 86.57 79.21
B 210.91 -389.26
C 52 -60
C 148 -296
C 180 -326
C 212 -344
C 276 -348
C 308 -334
C 276 -380
C 244 -421
C 212 -461
C 180 -491
E
K 1800 494.39 1
W 120.44 -381.11 120.44 -280.14 -148.12 3.60
B 203.40 -88.59
S 0 -429.43 -331.85
P 263.01 -249.63 292.98 -119.64 0
S 1 -383.56 -298.56
C 52 -60
C 84 -101
C 116 -130
C 148 -149
C 212 -153
C 213 -185
C 213 -282
C 181 -321
C 213 -362
C 181 -402
C 149 -432
C 117 -450
C 53 -455
E
K 1800 430.04 1
B 155.28 -257.93
S 0 -332.86 -255.57
P 218.17 -173.51 244.30 -61.75 0
B 246.26 -299.59
C 52 -60
C 84 -101
C 116 -130
C 148 -149
C 169 -205
C 201 -246
C 208 -280
C 176 -321
C 144 -350
C 112 -369
C 52 -373
E
K 1800 535.71 1
P 171.23 -430.18 195.61 -333.07 1
W 253.78 -77.73 253.78 -77.73 0 0
S 0 -253.93 -181.31
B 147.75 -203.50
S 1 -201.52 -114.60
P 234.20 -443.17 260.53 -297.14 0
C 116 -60
C 148 -90
C 180 -108
C 180 -156
C 101 -236
C 69 -254
C 84 -310
C 52 -351
C 84 -406
C 52 -447
C 84 -504
E
K 2800 476.58 1
P 200.55 -304.09 220.87 -143.54 0
W 153.97 -298.57 153.97 -180.80 -77.85 105.91
W 102.91 -232.15 102.91 -232.15 0 0
S 0 -165.92 -87.99
W 109.86 -383.95 212.49 -383.95 94.92 53.60
C 52 -60
C 84 -117
C 52 -158
C 84 -189
C 52 -230
C 84 -287
C 52 -328
C 52 -425
E
K 2800 621.59 1
W 238.52 -406.10 238.52 -406.10 0 0
L -513.70 2.60 0.82 1.39
P 267.21 -211.17 289.13 -100.46 0
B 183.79 -293.43
S 1 -152.39 -53.81
W 65.34 -194.95 228.34 -194.95 -125.42 2.17
W 108.07 -426.38 108.07 -426.38 0 0
W 99.26 -82.85 99.26 -82.85 0 0
C 116 -30
C 148 -70
C 180 -100
C 212 -119
C 218 -257
C 250 -287
C 282 -305
C 276 -362
C 308 -403
C 276 -452
C 180 -563
C 148 -582
C 84 -586
C 52 -572
E
K 2800 474.46 1
P 106.47 -396.45 138.19 -271.74 0
W 179.55 -250.48 179.55 -128.63 -95.75 193.63
S 1 -346.71 -246.69
W 288.49 -310.34 288.49 -310.34 0 0
W 242.41 -142.12 242.41 -142.12 0 0
C 52 -60
C 84 -117
C 52 -158
C 84 -215
C 212 -321
C 244 -350
C 276 -369
C 276 -426
E
K 2800 565.84 1
S 0 -489.03 -391.35
B 185.61 -89.68
W 250.63 -321.87 250.63 -321.87 0 0
W 151.64 -310.54 151.64 -310.54 0 0
W 111.95 -397.96 243.06 -397.96 94.40 230.88
W 156.61 -204.42 156.61 -204.42 0 0
S 0 -284.99 -210.56
C 52 -60
C 84 -117
C 52 -158
C 84 -215
C 52 -256
C 84 -311
C 52 -351
C 52 -449
C 84 -506
E
K 2800 535.16 1
P 166.32 -107.97 187.57 -43.46 1
S 1 -484.98 -365.47
W 147.66 -180.40 147.66 -180.40 0 0
P 201.88 -419.38 224.94 -368.61 1
W 285.04 -273.68 285.04 -273.68 0 0
W 121.13 -91.62 121.13 -91.62 0 0
C 52 -60
C 84 -117
C 52 -158
C 84 -215
C 52 -256
C 84 -311
C 116 -349
C 84 -390
C 116 -431
C 148 -460
C 180 -479
C 244 -483
C 276 -468
C 308 -443
C 276 -487
E
K 2800 522.98 1
W 110.19 -397.28 110.19 -397.28 0 0
P 214.57 -466.86 235.69 -296.50 0
P 117.36 -188.29 143.30 -101.49 1
S 1 -468.23 -348.63
S 0 -299.91 -196.34
W 218.51 -154.27 218.51 -61.90 149.48 1.33
C 52 -60
C 84 -117
C 52 -158
C 84 -215
C 52 -256
C 84 -296
C 116 -326
C 148 -344
C 165 -400
C 133 -441
C 101 -482
E
K 2800 458.01 1
P 161.24 -242.19 186.25 -98.78 0
S 1 -235.79 -143.78
P 215.25 -289.42 242.75 -105.82 0
W 142.78 -386.48 142.78 -303.84 -97.49 2.41
S 0 -347.51 -285.20
C 52 -60
C 84 -101
C 116 -130
C 112 -198
C 112 -280
C 80 -309
C 84 -377
C 52 -418
E
K 2800 589.47 1
S 0 -377.59 -310.68
S 1 -192.17 -85.19
W 177.00 -450.91 177.00 -450.91 0 0
W 296.20 -498.18 296.20 -498.18 0 0
B 248.17 -416.81
B 227.15 -522.21
P 170.22 -296.69 191.23 -215.63 1
C 116 -60
C 148 -101
C 180 -130
C 212 -149
C 276 -153
C 308 -139
C 276 -185
C 308 -225
C 276 -275
C 244 -316
C 212 -356
C 180 -386
C 148 -404
C 84 -408
C 52 -394
C 84 -440
C 52 -481
C 84 -536
E
K 2800 456.71 1
W 156.46 -273.65 156.46 -273.65 0 0
B 237.74 -348.73
S 1 -218.23 -130.91
S 0 -371.13 -286.17
W 176.06 -122.19 296.79 -122.19 -133.00 196.61
C 116 -60
C 148 -90
C 212 -160
C 244 -178
C 308 -183
C 276 -231
C 244 -271
C 212 -312
C 180 -341
C 148 -360
C 84 -364
C 52 -350
C 84 -396
E
K 2800 565.81 1
B 138.89 -80.14
S 0 -519.68 -402.47
W 203.52 -412.69 203.52 -329.21 117.44 147.41
S 0 -365.29 -298.08
W 86.01 -239.52 86.01 -239.52 0 0
W 81.59 -480.64 81.59 -480.64 0 0
B 167.44 -236.80
C 52 -60
C 84 -117
C 116 -158
C 148 -187
C 112 -268
C 80 -286
C 84 -343
C 116 -384
C 148 -414
C 148 -473
C 116 -502
C 84 -521
E
K 2800 458.43 1
L -379.58 3.36 0.92 1.81
W 159.27 -147.70 159.27 -147.70 0 0
W 142.31 -212.35 142.31 -212.35 0 0
S 0 -170.27 -71.82
W 212.74 -202.98 212.74 -202.98 0 0
C 52 -60
C 84 -117
C 52 -158
C 84 -215
C 52 -256
C 84 -311
E
K 2800 471.20 1
P 100.07 -410.83 123.71 -295.65 0
P 255.90 -422.87 283.66 -298.35 0
W 189.32 -234.08 189.32 -234.08 0 0
S 0 -221.95 -121.71
W 170.22 -171.41 170.22 -171.41 0 0
C 52 -60
C 84 -117
C 52 -158
C 84 -215
C 52 -256
C 52 -346
E
K 2800 514.25 1
B 232.57 -136.52
W 221.51 -359.88 221.51 -359.88 0 0
W 74.49 -251.12 245.39 -251.12 -154.41 303.46
W 158.59 -346.68 158.59 -346.68 0 0
L -424.68 2.73 1.08 0.25
P 125.10 -154.34 144.27 -86.79 1
C 52 -60
C 84 -117
C 52 -158
C 84 -215
C 84 -311
C 52 -351
E
K 2800 587.17 1
W 122.85 -446.82 216.73 -446.82 111.46 111.46
B 139.85 -135.52
L -353.03 2.71 0.86 2.58
P 148.41 -312.12 166.95 -255.36 1
S 0 -161.71 -87.25
S 1 -267.52 -148.65
S 1 -540.98 -470.64
C 52 -60
C 84 -101
C 166 -196
C 198 -214
C 262 -219
C 294 -204
C 276 -242
C 244 -283
C 84 -408
C 148 -489
C 180 -518
C 212 -537
C 276 -541
C 308 -527
E
K 2800 656.61 1
W 130.32 -320.85 130.32 -320.85 0 0
O 139.37 -435.09 56.86 0.48 1.89 3
B 199.15 -277.10
S 0 -290.07 -180.69
W 291.94 -103.13 291.94 -103.13 0 0
S 0 -546.04 -471.66
W 63.44 -232.68 63.44 -232.68 0 0
W 65.78 -98.03 233.86 -98.03 71.26 259.30
C 52 -60
C 52 -158
C 84 -198
C 116 -228
C 148 -247
C 232 -320
C 264 -339
C 308 -346
C 276 -396
C 244 -434
C 276 -475
C 244 -515
C 212 -545
C 180 -564
C 116 -568
C 84 -553
C 52 -528
C 84 -572
C 52 -613
E
K 2800 635.91 1
P 224.93 -359.87 248.56 -240.43 0
W 126.40 -175.21 308.65 -175.21 -76.39 231.81
S 0 -419.47 -324.71
W 151.09 -496.14 273.73 -496.14 -113.02 81.91
B 245.93 -412.28
S 1 -532.47 -425.99
S 1 -170.79 -77.46
S 0 -138.59 -72.15
C 116 -60
C 148 -90
C 180 -108
C 84 -197
C 84 -254
C 52 -295
C 84 -352
C 116 -391
C 148 -418
C 116 -459
C 212 -547
C 276 -552
C 308 -537
C 276 -583
E
K 2800 526.39 1
P 71.89 -298.79 95.08 -194.87 0
W 230.50 -438.35 230.50 -345.90 -146.49 75.40
B 85.40 -85.82
W 256.86 -172.58 256.86 -172.58 0 0
B 165.64 -137.37
B 298.06 -252.79
C 52 -60
C 84 -126
C 52 -166
C 84 -359
C 52 -399
C 84 -456
E
K 2800 491.10 1
W 114.27 -240.95 114.27 -240.95 0 0
S 1 -348.63 -275.70
P 173.05 -421.32 204.60 -268.24 0
W 128.18 -76.01 279.36 -76.01 -103.48 286.86
P 209.49 -230.08 229.91 -129.38 1
C 52 -60
C 84 -117
C 116 -156
C 84 -196
C 52 -226
C 84 -267
C 116 -296
C 123 -368
C 91 -409
C 59 -449
E
K 2800 510.16 1
S 0 -434.22 -315.38
P 66.92 -408.27 93.72 -290.43 0
W 138.27 -387.38 138.27 -387.38 0 0
B 149.31 -201.89
S 1 -262.26 -168.55
S 0 -210.39 -114.74
C 52 -60
C 84 -117
C 116 -158
C 180 -235
C 212 -254
C 276 -258
C 308 -244
C 276 -290
C 244 -330
C 212 -360
C 180 -378
C 212 -419
C 244 -449
C 276 -467
E
K 2800 480.60 1
W 159.70 -273.85 159.70 -273.85 0 0
B 178.96 -380.98
S 0 -250.54 -168.04
W 107.05 -161.05 107.05 -161.05 0 0
B 250.74 -214.59
C 52 -60
C 84 -117
C 52 -158
C 84 -215
C 52 -256
C 84 -296
C 116 -326
C 148 -344
C 132 -379
C 100 -409
C 68 -427
E
K 2800 604.96 1
B 84.17 -240.63
S 0 -250.31 -189.42
S 0 -539.43 -435.17
S 0 -398.57 -291.52
B 69.98 -177.07
P 214.80 -490.54 236.04 -389.91 1
W 213.07 -203.51 213.07 -203.51 0 0
C 52 -60
C 84 -117
C 116 -158
C 148 -187
C 52 -298
C 84 -348
C 52 -388
C 84 -444
C 52 -484
C 84 -541
E
K 2800 478.58 1
L -206.91 3.78 1.15 2.26
S 0 -434.12 -340.65
W 116.36 -415.29 116.36 -279.82 -95.40 98.58
W 199.54 -274.32 199.54 -274.32 0 0
W 256.60 -138.03 256.60 -138.03 0 0
C 52 -60
C 84 -117
C 52 -158
C 52 -256
C 52 -351
E
K 2800 647.18 1
B 126.89 -133.45
S 1 -569.77 -450.40
P 146.09 -556.29 171.33 -394.70 0
S 0 -352.47 -282.53
W 208.48 -429.19 208.48 -429.19 0 0
W 194.41 -259.45 194.41 -174.10 131.03 78.90
W 80.21 -199.93 80.21 -199.93 0 0
W 246.76 -149.06 246.76 -149.06 0 0
C 52 -60
C 84 -101
C 142 -179
C 238 -202
C 270 -188
C 302 -162
C 276 -201
C 244 -241
C 180 -312
C 148 -330
C 84 -334
C 52 -320
C 84 -366
C 116 -407
C 96 -478
C 96 -574
C 64 -614
E
K 2800 517.89 1
B 292.21 -157.85
W 95.72 -341.45 198.33 -341.45 119.58 21.39
W 176.99 -402.56 176.99 -402.56 0 0
W 163.96 -89.40 163.96 -89.40 0 0
P 239.24 -364.88 266.16 -218.80 0
S 1 -401.52 -317.19
C 52 -60
C 84 -117
C 52 -158
C 84 -198
C 116 -228
C 148 -247
C 190 -297
C 126 -378
C 94 -408
C 62 -426
C 84 -479
E
K 2800 655.85 1
B 297.00 -577.68
O 145.02 -263.84 46.70 3.84 -1.85 3
B 221.92 -594.82
P 200.58 -535.22 223.47 -483.09 1
S 1 -136.04 -63.58
S 0 -505.27 -396.34
B 271.87 -196.32
P 59.71 -537.96 83.87 -451.90 1
C 116 -60
C 148 -101
C 180 -130
C 212 -149
C 276 -153
C 308 -139
C 295 -240
C 276 -306
C 244 -346
C 212 -376
C 180 -394
C 116 -399
C 84 -384
C 52 -359
C 84 -403
C 116 -442
C 148 -469
C 116 -510
C 148 -550
C 180 -580
E
K 2800 521.59 1
S 0 -141.69 -44.35
B 125.65 -218.36
P 118.30 -152.84 141.20 -75.67 1
L -357.80 2.80 1.07 1.88
B 245.40 -303.70
S 0 -320.42 -229.59
C 52 -60
C 84 -117
C 52 -158
C 84 -198
C 94 -247
C 126 -277
C 158 -296
C 195 -305
C 145 -306
C 95 -297
C 52 -276
C 84 -326
C 84 -424
C 52 -464
E
K 2800 629.94 1
B 285.46 -471.84
P 166.99 -144.18 189.80 -59.33 1
S 0 -242.91 -172.49
W 237.12 -215.24 237.12 -215.24 0 0
B 76.01 -431.06
W 125.23 -525.67 207.17 -525.67 91.97 70.54
W 213.29 -338.82 213.29 -338.82 0 0
B 182.50 -418.51
C 52 -60
C 84 -117
C 52 -158
C 84 -215
C 52 -256
C 84 -311
C 52 -351
C 84 -392
C 84 -501
C 52 -542
C 84 -599
E
K 2800 567.01 1
W 165.23 -124.09 165.23 -124.09 0 0
P 228.37 -162.26 248.93 -65.48 0
P 162.46 -487.76 183.23 -425.83 1
S 0 -371.99 -283.80
S 0 -522.53 -459.86
S 1 -284.87 -212.43
B 225.89 -359.87
C 52 -60
C 84 -117
C 116 -158
C 148 -198
C 180 -228
C 212 -247
C 276 -251
C 308 -236
C 276 -277
C 244 -315
C 167 -381
C 103 -440
C 71 -470
C 84 -533
E
K 2800 548.71 1
W 65.09 -487.24 245.71 -487.24 132.31 96.80
W 110.33 -146.39 110.33 -146.39 0 0
B 168.84 -89.11
W 265.86 -178.71 265.86 -94.70 110.43 167.35
W 208.73 -229.50 208.73 -229.50 0 0
B 74.01 -344.65
C 52 -60
C 84 -115
C 52 -156
C 84 -211
C 52 -252
C 84 -309
C 84 -428
E
K 2800 494.06 1
P 109.50 -198.83 135.62 -99.00 0
W 189.92 -110.71 189.92 -110.71 0 0
P 179.93 -377.83 201.37 -269.54 1
B 80.38 -364.87
S 0 -423.17 -350.54
C 52 -60
C 60 -161
C 60 -243
C 84 -303
C 52 -440
E
K 2800 586.32 1
B 70.83 -105.87
W 88.59 -281.64 222.93 -281.64 146.75 184.71
W 95.03 -488.44 220.17 -488.44 -99.99 87.87
W 254.64 -137.53 254.64 -137.53 0 0
B 261.24 -416.77
W 103.11 -220.09 215.44 -220.09 -109.47 70.15
W 164.00 -142.85 164.00 -142.85 0 0
C 116 -60
C 148 -90
C 116 -130
C 84 -160
C 52 -178
C 52 -269
C 84 -324
C 52 -365
C 84 -422
C 52 -462
E
K 2800 534.70 1
P 147.87 -223.24 169.63 -66.51 0
W 142.39 -268.34 142.39 -268.34 0 0
W 164.43 -412.18 164.43 -320.39 -155.97 92.03
B 291.12 -455.24
P 72.30 -293.39 106.26 -191.42 0
W 103.92 -458.14 103.92 -458.14 0 0
C 52 -60
C 84 -101
C 116 -130
C 84 -357
C 116 -397
C 180 -468
C 212 -486
C 276 -490
E
K 2800 463.02 1
L -275.70 3.60 0.82 0.05
B 129.01 -376.64
W 195.89 -341.40 195.89 -341.40 0 0
S 0 -228.52 -145.23
W 184.08 -187.88 184.08 -187.88 0 0
C 52 -60
C 84 -117
C 52 -158
C 84 -215
C 84 -311
C 52 -351
C 84 -409
E
K 2800 581.75 1
P 127.38 -536.19 150.43 -406.75 0
S 0 -289.44 -225.79
B 125.65 -225.77
S 1 -156.42 -72.00
W 157.30 -283.26 157.30 -283.26 0 0
W 282.87 -112.89 282.87 -112.89 0 0
B 248.70 -173.67
C 116 -60
C 148 -101
C 180 -130
C 212 -149
C 164 -179
C 77 -232
C 52 -257
C 84 -307
C 52 -347
C 84 -388
C 78 -463
E
K 2800 601.94 1
W 216.89 -294.41 216.89 -294.41 0 0
W 293.08 -109.83 293.08 -109.83 0 0
W 243.00 -146.19 243.00 -146.19 0 0
B 193.52 -529.44
L -237.04 2.78 1.03 0.09
B 169.96 -435.42
P 263.29 -463.64 285.54 -315.35 0
C 52 -60
C 84 -117
C 116 -156
C 148 -183
C 180 -200
C 244 -200
C 276 -184
C 276 -519
C 244 -560
E
K 2800 537.40 1
P 175.69 -152.28 195.50 -62.80 1
L -441.18 2.87 1.13 2.63
S 0 -195.57 -132.65
W 116.99 -178.05 116.99 -58.22 -90.86 102.51
B 284.95 -283.16
P 147.32 -401.44 169.68 -233.19 0
C 52 -60
C 52 -158
C 84 -198
C 116 -228
C 98 -288
C 66 -329
C 98 -369
C 66 -493
E
K 2800 598.49 1
W 89.10 -382.92 257.87 -382.92 155.33 17.74
S 1 -329.08 -216.69
P 241.17 -162.44 272.26 -41.69 0
P 166.91 -536.24 185.40 -433.81 1
W 130.75 -133.13 130.75 -133.13 0 0
S 0 -420.81 -319.07
W 182.68 -288.26 182.68 -77.76 127.04 159.55
C 52 -60
C 84 -117
C 52 -158
C 84 -198
C 116 -228
C 148 -247
C 244 -236
C 276 -211
C 308 -175
C 276 -217
C 308 -258
C 276 -307
C 244 -348
C 244 -418
C 276 -447
C 308 -466
C 276 -516
C 244 -556
E
K 2800 630.83 1
S 0 -251.07 -133.96
W 258.67 -521.88 258.67 -521.88 0 0
P 210.17 -384.70 233.38 -284.39 1
W 145.66 -261.15 145.66 -261.15 0 0
S 1 -166.87 -51.43
S 1 -428.71 -322.87
W 195.16 -549.81 195.16 -549.81 0 0
S 0 -503.11 -430.93
C 116 -60
C 148 -90
C 180 -108
C 148 -149
C 116 -178
C 84 -197
C 84 -254
C 116 -293
C 84 -333
C 116 -374
C 148 -404
C 180 -422
C 244 -426
C 276 -412
C 308 -386
C 276 -425
C 244 -466
C 212 -495
C 180 -514
C 116 -562
C 84 -591
E
K 2800 461.38 1
L -343.59 3.18 0.87 0.27
L -285.17 3.34 1.01 0.81
W 85.02 -220.16 262.43 -220.16 165.77 55.35
W 199.24 -159.85 199.24 -159.85 0 0
W 99.51 -71.49 99.51 -71.49 0 0
C 116 -30
C 148 -59
C 180 -78
C 148 -119
C 116 -148
C 84 -167
C 84 -419
E
K 2800 629.74 1
S 1 -217.82 -111.24
W 247.86 -201.22 247.86 -201.22 0 0
W 197.39 -127.86 197.39 -127.86 0 0
P 196.78 -505.03 220.44 -434.43 1
W 144.43 -488.96 144.43 -488.96 0 0
W 180.30 -394.06 296.46 -394.06 -143.76 22.51
W 163.88 -335.47 163.88 -335.47 0 0
S 1 -534.90 -465.43
C 116 -58
C 148 -86
C 116 -126
C 84 -156
C 116 -196
C 148 -226
C 180 -245
C 244 -249
C 276 -234
C 308 -209
C 276 -253
C 244 -294
C 276 -334
C 308 -454
C 276 -504
C 244 -544
C 212 -585
E
K 2800 540.94 1
P 167.94 -472.91 186.41 -404.90 1
B 75.81 -348.39
L -204.96 3.04 1.14 2.68
W 186.60 -361.43 186.60 -361.43 0 0
S 0 -153.06 -46.44
S 0 -478.37 -417.39
C 52 -60
C 84 -117
C 52 -158
C 52 -256
C 84 -311
C 84 -419
C 52 -459
E
K 2800 461.69 1
W 92.72 -307.36 222.26 -307.36 153.73 12.70
B 119.82 -104.88
B 185.15 -118.67
W 247.62 -135.08 247.62 -135.08 0 0
S 1 -208.27 -96.31
C 116 -58
C 148 -136
C 162 -168
C 139 -216
C 107 -257
C 84 -352
C 52 -393
E
K 2800 529.91 1
W 115.41 -259.18 115.41 -259.18 0 0
S 0 -215.71 -108.52
W 186.90 -243.95 259.83 -243.95 -98.48 1.06
W 83.74 -451.39 258.89 -451.39 87.88 61.04
S 1 -400.12 -301.96
S 1 -232.12 -148.63
C 52 -60
C 84 -117
C 116 -156
C 148 -196
C 244 -285
C 308 -289
C 276 -337
C 244 -378
E
K 2800 595.19 1
W 202.29 -237.96 202.29 -237.96 0 0
B 86.20 -341.99
W 134.35 -431.87 245.15 -431.87 -138.56 152.04
W 236.69 -369.65 236.69 -369.65 0 0
S 0 -248.57 -139.99
P 118.98 -146.01 139.85 -79.63 1
W 74.49 -276.71 74.49 -276.71 0 0
C 52 -60
C 84 -117
C 52 -158
C 84 -215
C 116 -256
C 148 -285
C 52 -396
C 84 -445
C 52 -486
C 84 -541
E
K 2800 604.36 1
L -467.36 3.41 0.85 2.30
S 1 -146.38 -70.01
W 61.40 -204.16 61.40 -204.16 0 0
W 91.71 -332.02 235.92 -332.02 91.12 185.06
B 213.00 -154.03
S 0 -253.64 -139.00
W 120.13 -529.97 120.13 -529.97 0 0
C 116 -60
C 148 -90
C 180 -130
C 108 -92
C 140 -133
C 172 -162
C 153 -191
C 121 -232
C 89 -261
C 57 -280
C 116 -372
C 148 -402
C 180 -420
C 244 -424
C 276 -548
E
K 2800 548.43 1
W 133.47 -165.10 133.47 -165.10 0 0
W 114.55 -91.72 251.66 -91.72 -104.99 78.04
O 166.35 -312.52 62.11 2.07 -1.60 3
L -447.19 2.63 0.80 0.39
S 0 -403.77 -292.58
B 208.84 -171.51
C 52 -60
C 84 -117
C 52 -158
C 84 -215
C 52 -256
C 52 -351
C 84 -409
C 84 -506
E
K 2800 488.96 1
S 0 -190.21 -118.15
B 249.56 -373.94
W 157.24 -388.67 157.24 -198.80 -126.21 77.36
B 191.44 -74.66
S 1 -405.57 -303.02
C 52 -60
C 84 -117
C 52 -158
C 84 -215
C 116 -254
C 308 -414
E
K 2800 489.76 1
O 113.47 -242.37 61.52 5.59 -2.22 2
L -411.67 2.82 0.99 2.63
W 142.38 -363.62 303.70 -363.62 -125.93 82.84
S 1 -123.83 -61.32
B 123.14 -75.59
C 160 -108
C 192 -126
C 256 -131
C 288 -116
C 276 -150
C 244 -191
C 276 -231
C 308 -261
C 276 -310
E
K 2800 649.59 1
W 213.49 -461.31 213.49 -461.31 0 0
W 286.04 -555.85 286.04 -555.85 0 0
S 1 -242.52 -159.12
W 140.17 -221.43 140.17 -221.43 0 0
W 110.38 -363.87 110.38 -363.87 0 0
B 101.58 -305.37
W 208.56 -251.72 208.56 -251.72 0 0
W 179.45 -385.24 179.45 -385.24 0 0
C 116 -60
C 148 -101
C 180 -130
C 212 -149
C 276 -153
C 308 -139
C 276 -185
C 244 -225
C 276 -266
C 308 -296
C 276 -345
C 244 -386
C 276 -426
C 308 -456
C 276 -497
C 244 -538
C 212 -578
C 180 -608
C 52 -616
E
K 2800 534.47 1
S 0 -360.82 -286.69
P 142.94 -371.91 163.85 -288.10 1
B 70.74 -181.69
S 1 -492.15 -380.35
P 203.12 -250.55 231.01 -65.37 0
S 1 -135.71 -46.35
C 116 -60
C 148 -101
C 154 -187
C 122 -228
C 90 -257
C 58 -298
C 84 -359
C 148 -440
C 180 -469
C 212 -488
C 276 -492
C 308 -478
E
K 2800 463.37 1
B 297.12 -266.69
W 202.36 -289.76 202.36 -289.76 0 0
S 1 -206.28 -141.03
S 1 -361.95 -289.27
W 102.56 -88.58 204.04 -88.58 -122.80 123.85
C 52 -60
C 84 -117
C 116 -158
C 148 -198
C 180 -228
C 212 -247
C 263 -250
C 276 -356
C 244 -397
E
K 2800 643.35 1
P 186.88 -502.33 204.99 -433.56 1
W 174.84 -365.93 174.84 -251.35 -126.81 120.20
W 254.87 -407.50 254.87 -407.50 0 0
W 92.88 -196.25 229.92 -196.25 -107.24 114.03
B 258.42 -518.14
B 81.60 -76.53
B 65.20 -507.11
S 0 -217.99 -104.40
C 116 -60
C 148 -90
C 116 -130
C 84 -160
C 52 -178
C 52 -269
C 84 -324
C 52 -365
C 84 -422
C 116 -462
C 148 -492
C 116 -532
C 84 -562
C 52 -581
E
K 2800 486.91 1
B 181.07 -98.16
B 88.39 -366.48
P 119.48 -267.85 143.34 -171.30 1
S 0 -190.56 -73.58
W 205.30 -340.26 205.30 -340.26 0 0
C 52 -60
C 84 -117
C 52 -158
C 84 -215
C 52 -256
C 84 -311
C 52 -351
C 84 -409
C 52 -449
E
K 2800 532.45 1
B 141.33 -296.86
S 0 -292.80 -193.11
P 156.04 -248.26 174.60 -174.27 1
B 253.23 -397.86
P 224.85 -146.84 244.88 -42.94 0
S 1 -329.68 -232.45
C 116 -60
C 148 -90
C 116 -130
C 84 -160
C 52 -178
C 84 -220
C 116 -260
C 171 -324
C 203 -343
C 267 -347
C 299 -333
C 212 -456
C 180 -486
C 52 -494
E
K 2800 491.60 1
O 213.12 -264.11 64.57 6.23 -1.48 2
S 1 -257.46 -148.90
S 1 -448.43 -363.91
W 95.90 -228.19 95.90 -228.19 0 0
B 121.11 -129.62
C 52 -60
C 84 -101
C 52 -87
C 84 -137
C 116 -178
C 276 -383
C 308 -413
E
K 2800 489.25 1
S 1 -213.34 -111.00
W 209.92 -401.62 209.92 -401.62 0 0
W 65.53 -264.52 211.39 -264.52 -113.27 224.04
W 103.31 -415.52 103.31 -415.52 0 0
B 67.84 -351.26
C 116 -60
C 148 -101
C 180 -130
C 212 -149
C 276 -153
C 308 -139
C 276 -185
C 244 -225
C 276 -266
C 308 -296
C 276 -345
C 244 -386
C 276 -426
C 308 -456
E
K 2800 516.44 1
L -392.87 3.44 1.23 0.01
B 245.42 -328.60
S 1 -346.99 -269.70
W 127.00 -99.77 198.52 -99.77 -85.50 119.31
S 0 -130.16 -40.64
O 175.65 -216.45 45.68 0.63 1.39 3
C 52 -60
C 84 -117
C 116 -158
C 84 -198
C 52 -228
C 84 -256
C 116 -296
C 148 -337
C 244 -462
E
K 2800 471.78 1
W 196.71 -372.89 196.71 -372.89 0 0
B 254.09 -399.69
S 1 -180.68 -70.88
W 130.95 -250.64 130.95 -250.64 0 0
S 1 -393.57 -280.55
C 116 -60
C 148 -101
C 180 -130
C 212 -149
C 276 -153
C 308 -139
C 276 -185
C 244 -225
C 276 -266
C 308 -296
C 276 -345
C 308 -386
C 276 -435
E
K 2800 540.12 1
W 136.14 -256.07 136.14 -256.07 0 0
S 1 -215.34 -140.43
W 243.25 -354.86 243.25 -354.86 0 0
W 232.82 -157.33 305.33 -157.33 -160.15 125.62
W 171.32 -138.02 171.32 -138.02 0 0
W 62.00 -456.07 62.00 -456.07 0 0
C 52 -60
C 84 -117
C 116 -158
C 148 -198
C 180 -228
C 212 -247
C 276 -251
C 308 -236
C 276 -282
C 308 -323
C 276 -373
C 244 -413
C 276 -454
C 308 -483
E
K 2800 463.39 1
W 134.99 -206.05 228.22 -206.05 159.59 116.31
B 125.01 -306.12
P 161.82 -115.84 179.97 -57.49 1
S 0 -375.78 -305.29
S 1 -214.65 -99.12
C 116 -50
C 84 -91
C 116 -131
C 148 -161
C 276 -169
C 308 -144
C 276 -188
C 212 -269
C 180 -299
C 130 -360
C 98 -390
C 66 -408
E
